%       [u rho/1000 z]
   -0.0001    1.0276  -60.0000
    0.0005    1.0276  -59.0000
    0.0011    1.0275  -58.0000
    0.0017    1.0276  -57.0000
    0.0022    1.0276  -56.0000
    0.0028    1.0276  -55.0000
    0.0034    1.0276  -54.0000
    0.0040    1.0276  -53.0000
    0.0043    1.0276  -52.0000
    0.0051    1.0275  -51.0000
    0.0063    1.0275  -50.0000
    0.0042    1.0275  -49.0000
   -0.0044    1.0275  -48.0000
   -0.0156    1.0275  -47.0000
   -0.0187    1.0275  -46.0000
   -0.0114    1.0275  -45.0000
   -0.0027    1.0275  -44.0000
    0.0011    1.0275  -43.0000
    0.0004    1.0275  -42.0000
   -0.0018    1.0275  -41.0000
   -0.0105    1.0275  -40.0000
   -0.0261    1.0275  -39.0000
   -0.0421    1.0275  -38.0000
   -0.0551    1.0275  -37.0000
   -0.0630    1.0275  -36.0000
   -0.0618    1.0275  -35.0000
   -0.0445    1.0274  -34.0000
   -0.0164    1.0274  -33.0000
    0.0048    1.0274  -32.0000
    0.0064    1.0274  -31.0000
   -0.0137    1.0274  -30.0000
   -0.0501    1.0273  -29.0000
   -0.0927    1.0273  -28.0000
   -0.1294    1.0273  -27.0000
   -0.1532    1.0272  -26.0000
   -0.1646    1.0271  -25.0000
   -0.1639    1.0271  -24.0000
   -0.1452    1.0270  -23.0000
   -0.1102    1.0269  -22.0000
   -0.0748    1.0268  -21.0000
   -0.0570    1.0267  -20.0000
   -0.0607    1.0267  -19.0000
   -0.0717    1.0266  -18.0000
   -0.0755    1.0266  -17.0000
   -0.0711    1.0264  -16.0000
   -0.0682    1.0264  -15.0000
   -0.0727    1.0263  -14.0000
   -0.0812    1.0261  -13.0000
   -0.0903    1.0258  -12.0000
   -0.1003    1.0251  -11.0000
   -0.1110    1.0243  -10.0000
   -0.1209    1.0242   -9.0000
   -0.1316    1.0242   -8.0000
   -0.1435    1.0241   -7.0000
   -0.1522    1.0241   -6.0000
   -0.1339    1.0239   -5.0000
   -0.1542    1.0238   -4.0000
   -0.1749    1.0238   -3.0000
   -0.2174    1.0238   -2.0000
   -0.2174    1.0237   -1.0000
   -0.2174    1.0237         0